_AC1_  60.00  80.00 1
_AC4_  0.20   1.00  1
_AC8_  0.01   0.50  1
_AC9_  0.10   1.50  1
_AC13_ -0.50  0.001 1
_AC14_ 3.00   9.00  1
_AB1_  100.00 110.00 1
_AB4_  -0.10  0.10  1
_AB8_  0.25  0.40  1
_AB9_  0.50  0.80  1
_AB13_ -0.95 -0.25 1
_AB14_ 2.50  7.00  1
_BC1_  110.00  130.00 1
_BC4_  0.50   1.50  1
_BC8_  0.01   0.50  1
_BC9_  0.10   1.50  1
_BC13_ -0.50  0.001 1
_BC14_ 3.00   9.00  1
_CC1_ 140.00 145.00 1
_CC4_ 0.20  0.80  1
_CC8_ 0.30  0.80  1
_CC9_ 0.20  0.50  1
_CC13_ -0.50 0.001 1
_CC14_ 4.50  6.50  1
_BA1_  0.01  0.30  1
_BA2_  1.00  3.00  1
_BA3_  9.0   13.0  1
_BA4_  1.00  3.00  1
_CA1_  0.01  0.30  1
_CA2_  1.00  3.00  1
_CA3_  9.0   13.0  1
_CA4_  1.00  3.00  1
_CB1_  0.01  0.30  1
_CB2_  1.00  3.00  1
_CB3_  9.0   13.0  1
_CB4_  1.00  3.00  1
